      Epidote
Diffraction data computed using the structure from the paper listed below,
along with the cell parameters refined from the powder pattern for R040092
      Giuli G, Bonazzi P, Menchetti S
      American Mineralogist 84 (1999) 933-936
      Al-Fe disorder in synthetic epidotes: A single-crystal X-ray diffraction study
      Sample: CC11c

      CELL PARAMETERS:   8.914000   5.640000   10.16200   90.00000   115.4000   90.00000
      SPACE GROUP: P2_1/m
      X-RAY WAVELENGTH:     1.541838
               2-THETA      INTENSITY    D-SPACING   H   K   L
                 9.61          1.59        9.1592    0   0   1
                10.98          3.41        8.0243    1   0   0
                11.07          4.54        7.9592   -1   0   1
                17.48          1.70        5.0562    1   0   1
                17.66         28.06        5.0074   -1   0   2
                19.23          2.73        4.6029    1   1   0
                19.28          4.17        4.5905   -1   1   1
                22.10         20.60        4.0122    2   0   0
                22.28         19.74        3.9796   -2   0   2
                23.61          5.41        3.7586    1   1   1
                23.74          2.93        3.7385   -1   1   2
                25.51         35.46        3.4841   -2   1   1
                26.15         10.84        3.3993    1   0   2
                27.78         10.28        3.2047    2   0   1
                29.19          2.88        3.0531    0   0   3
                30.57         13.55        2.9177   -3   0   2
                30.67          1.10        2.9085    1   1   2
                30.84        100.00        2.8929   -1   1   3
                31.78         41.02        2.8096    0   2   0
                32.09          7.25        2.7838    2   1   1
                32.35          4.40        2.7620   -2   1   3
                33.33         31.95        2.6827    0   1   3
                33.43         18.45        2.6748    3   0   0
                33.73         20.43        2.6518    1   2   0
                34.48         43.84        2.5961   -3   1   1
                34.57          1.67        2.5895   -3   1   2
                35.44         17.77        2.5281    2   0   2
                35.80          2.71        2.5032   -1   0   4
                36.60          8.42        2.4503   -1   2   2
                37.16          1.18        2.4151    3   1   0
                37.41         31.19        2.3991   -3   1   3
                37.48         24.20        2.3949    0   2   2
                37.82          4.29        2.3743   -2   2   1
                39.00          1.97        2.3055    2   1   2
                39.14          5.47        2.2973    1   1   3
                39.18         10.38        2.2952   -2   2   2
                39.25          1.38        2.2910   -3   0   4
                39.32          4.49        2.2870   -2   1   4
                39.33          2.56        2.2866   -1   1   4
                41.68         16.74        2.1630   -4   0   1
                41.76          7.70        2.1592   -1   2   3
                41.89          1.27        2.1527   -4   0   3
                42.56          1.37        2.1205    0   1   4
                42.73         16.58        2.1127    2   2   1
                42.93         18.01        2.1031   -2   2   3
                43.71         14.36        2.0674    0   2   3
                44.24          7.16        2.0438    2   0   3
                44.63          2.60        2.0270   -3   2   1
                45.12          6.08        2.0061    4   0   0
                45.76          1.49        1.9795   -1   0   5
                46.48          1.48        1.9507   -3   0   5
                47.03          1.12        1.9290   -3   2   3
                47.25          4.79        1.9207    2   1   3
                48.35         10.59        1.8793    2   2   2
                48.48          1.46        1.8749    1   2   3
                48.48          3.15        1.8745    1   1   4
                48.63         12.80        1.8692   -2   2   4
                48.64          5.96        1.8690   -1   2   4
                48.69          3.30        1.8670   -1   1   5
                48.89          3.59        1.8598    3   1   2
                49.92          1.54        1.8241    1   3   0
                51.05          1.38        1.7864    3   2   1
                51.40          1.66        1.7750    0   2   4
                51.56          4.76        1.7697   -5   0   2
                52.44          2.09        1.7420   -4   2   2
                52.46          2.58        1.7416    0   1   5
                52.98          4.22        1.7258   -2   3   1
                53.37          1.13        1.7139   -4   2   1
                53.75          5.78        1.7028   -4   1   5
                54.26          2.33        1.6880   -5   1   2
                54.29          2.62        1.6872   -2   0   6
                54.37          2.33        1.6849   -5   1   3
                54.93          4.53        1.6691   -3   0   6
                55.99          1.76        1.6399    1   0   5
                56.07         11.10        1.6377   -1   3   3
                56.13         13.03        1.6362   -5   1   1
                56.26          2.75        1.6326    4   2   0
                56.22         11.27        1.6337   -1   0   6
                56.48          2.13        1.6269    2   1   4
                56.60         14.14        1.6238   -4   2   4
                56.62          6.05        1.6231    1   2   4
                56.85          1.09        1.6171    2   3   1
                56.90          1.60        1.6160   -2   1   6
                56.99          4.90        1.6135    3   2   2
                57.65          5.04        1.5966    0   3   3
                58.08         11.04        1.5858   -4   0   6
                58.41          9.30        1.5777   -3   3   1
                58.47          1.05        1.5762   -3   3   2
                58.55          6.18        1.5742    1   1   5
                59.85          3.13        1.5432    5   1   0
                59.94          6.33        1.5409    4   1   2
                60.41          5.10        1.5302   -3   3   3
                61.40          2.72        1.5078   -4   2   5
                62.68          1.06        1.4802   -6   0   3
                63.52          1.21        1.4626   -5   0   6
                63.70          4.14        1.4589   -6   0   4
                63.75          1.57        1.4579    3   0   4
                63.89         12.00        1.4550   -5   2   4
                63.93          3.75        1.4543    2   2   4
                64.31          4.06        1.4465   -2   2   6
                64.37          1.53        1.4453    3   2   3
                64.89          7.94        1.4350   -3   2   6
                65.65          1.15        1.4203    4   0   3
                66.46         21.88        1.4048    0   4   0
                66.59          4.80        1.4024    2   1   5
                66.75          1.27        1.3995   -3   1   7
                67.07          2.74        1.3936    5   2   0
                67.04          1.26        1.3940   -2   1   7
                67.16         15.09        1.3919    4   2   2
                67.77          1.19        1.3809    2   3   3
                67.76          1.24        1.3810   -4   2   6
                68.38          1.15        1.3701   -6   1   1
                68.76          1.33        1.3634    1   3   4
                69.82          2.03        1.3452    5   0   2
                70.06          3.43        1.3413    0   2   6
                72.02          1.42        1.3096   -6   2   3
                72.76          3.46        1.2981   -6   2   2
                72.98          3.50        1.2947   -6   2   4
                73.09          1.85        1.2929   -4   3   5
                73.53          1.22        1.2864   -5   3   2
                74.12          1.49        1.2775    3   0   5
                74.34          1.90        1.2744    0   1   7
                74.81          3.51        1.2675    4   2   3
                74.93          1.53        1.2657   -3   4   2
                74.83          2.94        1.2672   -3   0   8
                75.05          1.25        1.2641    4   0   4
                75.12          5.93        1.2630   -5   3   1
                75.18          1.40        1.2622   -6   2   1
                75.43          1.38        1.2587    2   0   6
                75.61          4.53        1.2561   -6   2   5
                75.93          1.08        1.2516   -2   0   8
                76.49          2.61        1.2437    3   4   0
                77.22          2.61        1.2338    1   3   5
                77.66          3.74        1.2280    2   4   2
                78.36          1.39        1.2187    5   3   0
                78.45          2.26        1.2176    4   3   2
                79.17          3.55        1.2083   -6   1   7
                79.86          1.29        1.1996   -6   2   6
                80.95          1.89        1.1861    0   2   7
                81.62          2.07        1.1781   -4   4   1
                84.00          1.20        1.1507    4   4   0
                84.45          2.29        1.1457    2   3   5
                84.47          1.43        1.1455   -6   0   8
                86.56          2.03        1.1232    7   1   0
                86.68          1.42        1.1219    0   1   8
                87.41          1.85        1.1144   -7   1   7
                87.82          1.53        1.1103   -5   2   8
                87.86          1.61        1.1099   -1   2   8
                87.86          1.61        1.1099   -1   2   8
       XPOW Copyright 1993 Bob Downs, Ranjini Swaminathan and Kurt Bartelmehs
  For reference, see Downs et al. (1993) American Mineralogist 78, 1104-1107.

