      Epidote
Diffraction data computed using the structure from the paper listed below,
along with the cell parameters refined from the powder pattern R050191
      Dollase W A
      American Mineralogist 56 (1971) 447-464
      Refinement of the crystal structures of epidote, allanite and hancockite

      CELL PARAMETERS:   8.901217   5.637476   10.16440   90.00000   115.4060   90.00000
      SPACE GROUP: P2_1/m
      X-RAY WAVELENGTH:     1.541838
               2-THETA      INTENSITY    D-SPACING   H   K   L
                 9.65          1.59        9.1814    0   0   1
                11.02          3.41        8.0404    1   0   0
                11.11          4.54        7.9789   -1   0   1
                17.51          1.70        5.0667    1   0   1
                17.68         28.06        5.0206   -1   0   2
                19.24          2.73        4.6159    1   1   0
                19.29          4.17        4.6042   -1   1   1
                22.12         20.60        4.0202    2   0   0
                22.29         19.74        3.9895   -2   0   2
                23.62          5.41        3.7684    1   1   1
                23.74          2.93        3.7493   -1   1   2
                25.50         35.46        3.4931   -2   1   1
                26.16         10.84        3.4067    1   0   2
                27.78         10.28        3.2111    2   0   1
                29.18          2.88        3.0605    0   0   3
                30.57         13.55        2.9244   -3   0   2
                30.66          1.10        2.9157    1   1   2
                30.82        100.00        2.9010   -1   1   3
                31.74         41.02        2.8187    0   2   0
                32.08          7.25        2.7902    2   1   1
                32.32          4.40        2.7696   -2   1   3
                33.31         31.95        2.6897    0   1   3
                33.43         18.45        2.6801    3   0   0
                33.69         20.43        2.6600    1   2   0
                34.46         43.84        2.6022   -3   1   1
                34.55          1.67        2.5959   -3   1   2
                35.43         17.77        2.5333    2   0   2
                35.77          2.71        2.5096   -1   0   4
                36.55          8.42        2.4579   -1   2   2
                37.14          1.18        2.4205    3   1   0
                37.38         31.19        2.4054   -3   1   3
                37.43         24.20        2.4021    0   2   2
                37.77          4.29        2.3813   -2   2   1
                38.97          1.97        2.3107    2   1   2
                39.11          5.47        2.3029    1   1   3
                39.12         10.38        2.3021   -2   2   2
                39.21          1.38        2.2970   -3   0   4
                39.28          4.49        2.2932   -2   1   4
                39.29          2.56        2.2927   -1   1   4
                41.66         16.74        2.1674   -4   0   1
                41.70          7.70        2.1656   -1   2   3
                41.86          1.27        2.1578   -4   0   3
                42.51          1.37        2.1259    0   1   4
                42.67         16.58        2.1184    2   2   1
                42.86         18.01        2.1093   -2   2   3
                43.64         14.36        2.0733    0   2   3
                44.21          7.16        2.0482    2   0   3
                44.57          2.60        2.0325   -3   2   1
                45.09          6.08        2.0101    4   0   0
                45.70          1.49        1.9845   -1   0   5
                46.41          1.48        1.9558   -3   0   5
                46.96          1.12        1.9344   -3   2   3
                47.20          4.79        1.9251    2   1   3
                48.29         10.59        1.8842    2   2   2
                48.40          1.46        1.8799    1   2   3
                48.43          3.15        1.8790    1   1   4
                48.55         12.80        1.8747   -2   2   4
                48.56          5.96        1.8744   -1   2   4
                48.62          3.30        1.8719   -1   1   5
                48.85          3.59        1.8638    3   1   2
                49.82          1.54        1.8298    1   3   0
                50.98          1.38        1.7908    3   2   1
                51.31          1.66        1.7799    0   2   4
                51.51          4.76        1.7735   -5   0   2
                52.36          2.09        1.7466   -4   2   2
                52.38          2.58        1.7460    0   1   5
                52.87          4.22        1.7312   -2   3   1
                53.30          1.13        1.7182   -4   2   1
                53.66          5.78        1.7073   -4   1   5
                54.20          2.33        1.6918   -5   1   2
                54.20          2.62        1.6916   -2   0   6
                54.30          2.33        1.6889   -5   1   3
                54.84          4.53        1.6735   -3   0   6
                55.92          1.76        1.6437    1   0   5
                55.95         11.10        1.6428   -1   3   3
                56.06         13.03        1.6397   -5   1   1
                56.18          2.75        1.6366    4   2   0
                56.13         11.27        1.6378   -1   0   6
                56.41          2.13        1.6305    2   1   4
                56.49         14.14        1.6283   -4   2   4
                56.53          6.05        1.6273    1   2   4
                56.74          1.09        1.6219    2   3   1
                56.80          1.60        1.6203   -2   1   6
                56.91          4.90        1.6174    3   2   2
                57.53          5.04        1.6014    0   3   3
                57.98         11.04        1.5899   -4   0   6
                58.29          9.30        1.5823   -3   3   1
                58.34          1.05        1.5809   -3   3   2
                58.46          6.18        1.5780    1   1   5
                59.78          3.13        1.5464    5   1   0
                59.87          6.33        1.5441    4   1   2
                60.28          5.10        1.5347   -3   3   3
                61.28          2.72        1.5119   -4   2   5
                62.59          1.06        1.4835   -6   0   3
                63.40          1.21        1.4664   -5   0   6
                63.60          4.14        1.4622   -6   0   4
                63.66          1.57        1.4610    3   0   4
                63.77         12.00        1.4588   -5   2   4
                63.82          3.75        1.4578    2   2   4
                64.18          4.06        1.4505   -2   2   6
                64.27          1.53        1.4487    3   2   3
                64.75          7.94        1.4390   -3   2   6
                65.56          1.15        1.4232    4   0   3
                66.29         21.88        1.4094    0   4   0
                66.49          4.80        1.4056    2   1   5
                66.61          1.27        1.4032   -3   1   7
                66.96          2.74        1.3968    5   2   0
                66.91          1.26        1.3977   -2   1   7
                67.05         15.09        1.3951    4   2   2
                67.63          1.19        1.3847    2   3   3
                67.62          1.24        1.3848   -4   2   6
                68.28          1.15        1.3730   -6   1   1
                68.61          1.33        1.3672    1   3   4
                69.73          2.03        1.3479    5   0   2
                69.91          3.43        1.3448    0   2   6
                71.88          1.42        1.3128   -6   2   3
                72.63          3.46        1.3011   -6   2   2
                72.83          3.50        1.2980   -6   2   4
                72.92          1.85        1.2966   -4   3   5
                73.37          1.22        1.2898   -5   3   2
                74.01          1.49        1.2802    3   0   5
                74.19          1.90        1.2775    0   1   7
                74.67          3.51        1.2704    4   2   3
                74.73          1.53        1.2696   -3   4   2
                74.66          2.94        1.2705   -3   0   8
                74.93          1.25        1.2667    4   0   4
                74.96          5.93        1.2663   -5   3   1
                75.04          1.40        1.2651   -6   2   1
                75.29          1.38        1.2615    2   0   6
                75.45          4.53        1.2593   -6   2   5
                75.76          1.08        1.2548   -2   0   8
                76.29          2.61        1.2474    3   4   0
                77.04          2.61        1.2372    1   3   5
                77.45          3.74        1.2316    2   4   2
                78.19          1.39        1.2218    5   3   0
                78.28          2.26        1.2207    4   3   2
                78.99          3.55        1.2114   -6   1   7
                79.68          1.29        1.2027   -6   2   6
                80.77          1.89        1.1892    0   2   7
                81.40          2.07        1.1815   -4   4   1
                83.77          1.20        1.1540    4   4   0
                84.25          2.29        1.1487    2   3   5
                84.27          1.43        1.1485   -6   0   8
                86.40          2.03        1.1255    7   1   0
                86.49          1.42        1.1246    0   1   8
                87.20          1.85        1.1172   -7   1   7
                87.59          1.53        1.1133   -5   2   8
                87.64          1.61        1.1128   -1   2   8
                87.64          1.61        1.1128   -1   2   8
       XPOW Copyright 1993 Bob Downs, Ranjini Swaminathan and Kurt Bartelmehs
  For reference, see Downs et al. (1993) American Mineralogist 78, 1104-1107.
